22
COMPETITION
X
3
45 92 65 30 27 59 85 25 15 19 100 62 20 45 43 67 2 67 46 19 83 35 
60 16 76 95 75 60 87 34 5 33 45 81 51 40 34 58 46 40 34 3 45 42 
64 54 26 38 59 57 69 72 34 52 59 99 16 12 79 73 87 42 70 96 28 13 
27 66 66 39 21 52 63 80 94 40 30 20 66 77 74 96 76 8 11 36 76 48 
35 83 40 80 100 48 47 77 51 71 70 87 48 75 74 39 4 23 39 57 33 49 
49 2 97 69 94 67 41 45 79 75 71 29 49 41 83 62 72 41 73 37 65 49 
78 88 42 17 18 64 43 97 77 15 74 66 69 81 56 14 50 88 25 73 43 99 
18 93 74 43 73 78 52 9 69 93 40 61 58 89 89 84 74 37 50 74 37 29 
98 60 66 28 92 38 100 82 48 64 26 53 100 14 96 42 21 64 66 19 89 98 
100 26 56 2 78 19 43 22 26 58 75 33 20 55 42 90 98 75 73 54 46 88 
29 42 36 71 39 11 30 53 13 20 60 15 52 100 3 23 28 17 99 91 51 32 
7 24 20 83 58 80 92 100 73 50 66 72 74 51 79 69 65 8 45 80 20 67 
19 71 30 97 20 93 90 31 65 46 36 74 53 98 88 62 41 49 74 49 75 52 
14 4 44 32 36 15 45 85 1 81 3 24 47 68 78 2 99 32 42 65 29 72 
67 31 71 29 27 17 88 52 60 40 88 60 9 99 1 44 26 88 91 57 61 52 
99 97 46 80 20 38 1 56 75 12 68 31 57 56 51 50 59 94 53 94 91 71 
93 3 64 88 3 95 74 47 27 99 4 90 70 14 25 22 30 23 89 4 40 14 
24 14 8 57 76 88 79 90 11 16 74 48 96 24 64 18 25 19 60 65 60 56 
79 74 70 74 71 62 51 6 8 70 72 70 16 59 42 80 82 74 21 64 28 22 
2 70 14 14 83 66 30 62 79 77 5 11 56 28 44 59 97 44 26 44 80 39 
76 96 7 61 63 74 20 89 27 43 82 23 12 43 54 56 70 76 74 27 84 75 
41 83 28 96 76 54 66 53 35 90 89 26 68 1 34 94 73 73 51 67 4 83 
......................
......................
......................
......................
......................
......................
......................
......................
......................
......................
......................
......................
......................
......................
......................
......................
......................
......................
......................
......................
......................
......................
