14
COMPETITION
X
3
45 92 65 30 27 59 85 25 15 19 100 62 20 45 
43 67 2 67 46 19 83 35 60 16 76 95 75 60 
87 34 5 33 45 81 51 40 34 58 46 40 34 3 
45 42 64 54 26 38 59 57 69 72 34 52 59 99 
16 12 79 73 87 42 70 96 28 13 27 66 66 39 
21 52 63 80 94 40 30 20 66 77 74 96 76 8 
11 36 76 48 35 83 40 80 100 48 47 77 51 71 
70 87 48 75 74 39 4 23 39 57 33 49 49 2 
97 69 94 67 41 45 79 75 71 29 49 41 83 62 
72 41 73 37 65 49 78 88 42 17 18 64 43 97 
77 15 74 66 69 81 56 14 50 88 25 73 43 99 
18 93 74 43 73 78 52 9 69 93 40 61 58 89 
89 84 74 37 50 74 37 29 98 60 66 28 92 38 
100 82 48 64 26 53 100 14 96 42 21 64 66 19 
..............
..............
..............
..............
..............
..............
..............
..............
..............
..............
..............
..............
..............
..............
